Avereage Time: 14.47
Average Infections Rate: 0.5324074147144844
AverageR0: 0.2231040000000001
Super-Spreader :49
Community of SuperSpreader: 49

Average number of nodes by Communiteis:
	Community35 : 0.7481190849711368
	Community36 : 0.16921209249769206
	Community37 : 0.09312091902209761
	Community38 : 0.26639191020919556
	Community39 : 0.2105374685230648
	Community8 : 0.13291506428923527
	Community42 : 0.27950164474688344
	Community44 : 0.7575168683055099
	Community46 : 0.03307056414076292
	Community16 : 0.35589614403501435
	Community49 : 0.012829337992437108
	Community18 : 0.004564082201825467
	Community19 : 0.32589019252973556
	Community24 : 0.009013127740307188
