Avereage Time: 12.818
Average Infections Rate: 0.6442772031273989
AverageR0: 0.09537919999999982
Super-Spreader :49
Community of SuperSpreader: 49

Average number of nodes by Communiteis:
	Community35 : 0.3649098521906615
	Community36 : 0.10968217377057597
	Community37 : 0.09275196097080131
	Community38 : 0.1569385171190336
	Community39 : 0.1303876533338834
	Community8 : 0.06351330304428536
	Community42 : 0.18160593394680238
	Community44 : 0.47996921909977086
	Community46 : 0.020979474920934594
	Community16 : 0.25909621516537373
	Community49 : 0.057191401982032215
	Community18 : 0.012003425547328823
	Community19 : 0.2325744307919676
	Community24 : 0.01570708662341284
