Avereage Time: 15.591
Average Infections Rate: 0.5191741959532122
AverageR0: 0.2198335999999999
Super-Spreader :49
Community of SuperSpreader: 49

Average number of nodes by Communiteis:
	Community35 : 0.6542274814083124
	Community36 : 0.17652108558523713
	Community37 : 0.16270376710768536
	Community38 : 0.2641541062557936
	Community39 : 0.16114689089429007
	Community8 : 0.11335916916955643
	Community42 : 0.262824279370215
	Community44 : 0.7996359597148717
	Community46 : 0.016463585331757555
	Community16 : 0.42759748966798383
	Community49 : 0.034297508494487476
	Community18 : 0.01920740732600942
	Community19 : 0.3256684020927374
	Community24 : 0.011280458793471846
