Avereage Time: 36.852
Average Infections Rate: 4.510255978704626
AverageR0: 1.7905215999999986
Super-Spreader :49
Community of SuperSpreader: 49

Average number of nodes by Communiteis:
	Community35 : 1.5568535244553499
	Community36 : 0.4473672349613364
	Community37 : 0.6503062689464166
	Community38 : 0.8738337968466408
	Community39 : 0.6481962611138876
	Community8 : 0.42271194554945707
	Community42 : 0.8857175799370631
	Community44 : 2.225565401494982
	Community46 : 0.004048937308498905
	Community16 : 1.3363306680848122
	Community49 : 0.016405071978878385
	Community18 : 0.004735164685684082
	Community19 : 0.8961679898253159
	Community24 : 0.00443132140962185
