Avereage Time: 17.646
Average Infections Rate: 2.798844086813981
AverageR0: 0.21224000000000004
Super-Spreader :49
Community of SuperSpreader: 49

Average number of nodes by Communiteis:
	Community35 : 0.5612339407279806
	Community36 : 0.13974041271180207
	Community37 : 0.1464492055964575
	Community38 : 0.22402519307077598
	Community39 : 0.1741200246577413
	Community8 : 0.08871516531549933
	Community42 : 0.2280421053097879
	Community44 : 0.6525374897291369
	Community46 : 0.006796277276633924
	Community16 : 0.3806026179955838
	Community49 : 0.035021001664942056
	Community18 : 0.00412776136263325
	Community19 : 0.254477058136719
	Community24 : 0.008982293496535808
